INDEX.

Q

8.

88188888, smne 88, 118888 88 1888888, 242 3
8188888 88, 248

88818, 88888888, 188

8888, 128, 181, 142, 188, 199

8888818188, 8188888188, 8118811188, 8818818188,

· 118188111888, Rex 91881 88888888, 180, 218

8881818888, 8188818888, 1188 88318888, 217

88818888 1888888188, 188, a 888.

8881888, 8888188, 88888888, 8188888188, 888·
888188, 82, 89, 79, 88, 89, 92, 98, 102, 118,
124, 127,128, 182, 188, 224, 228, 248, 288

88118, willielmus 88, 108

818818, (18818, 120 3 88888888, 1881888188, 88.

881888. senet 888881 1⁸²

838188, 118888188, 108

8188888818, 8888888818, (188888 88, 87, 107

8188818888, 181

818888888, 81888888888, 181881, 8818188, 2,
222 ; 18888, 1888888, 2, 4, 178, 2228 18-
888888, 242

81888888888818, 81888888888881, 81888888, 2,
222

8188888818, 2, 28, 28, 28, 87, 188,199, 200

1188818888, 1188881888 88, 28, 88,
71, 72, 88, 92,98, 109,111,118,189,189 3
0888188118, uxor ojus, 109

---- Τ888888888 88, 289

8188888818 188888818888. Viae 1188811888, &m

·-— 8818881888, 28, 181

818888888888 Ru, 1118888888, 28, 81 888.

Alexander IV. 9888, 49

81188888, 1183188 883118, 7, 19, 20, 21, 28, 48,
49, 80, 81, 84, 81888.

81888, 217

Ambiani, 89

8881388818, quidm, 8

8888838818, 48

88883888888 Come, (18181888 9881838881, 197

8888888, 81888888818 111888 88, 188

883818888, comm 88, 2008 18888118, 8118 81818,

18.

8811881818, 180

-- (18888888 88, 2, 222

888818818, 19, (188 8811) 242

88888818 8181188, 888183888888, 27, 28, 99, 182

Aquitanis, 48, 109

888818, 88188888 88, 182

8888888, 118881188 88, 8888188188, 10, 228

8838818888, (11188 88, 282

8888881888, J 88 81, 1188888, 248

88888888, eilbertus 18121

88888, 11888818, 248

8888881, 8888881, 0888818 de, Emond, 281, 282,
288

Asela, (18881 8’, 888888, 888, 280

88888. Vide Em

Audeleye, 1888888 88 88

883881818888, 220

88388188, 1888888188, 182

8811888, 88888888, 87

8881888, 81188 nagia 1888888111 1. 170

888388, 981888, 224

 

