261

11111, 2211 Nica-u· 11 1111111111,ι”1.; 8711-
111111 11 1111111111, 15.
1111111111, 1111111111, 1111111111, Thomu 11, 8, 11,
228 3 111111111118102105,1115171224
1111111111, (iubatus 11, 185 3 nugo 11, 212
11111111, 1111111111, 18 3 willielmus, 15.

11.

1111111111, sumunda, 11111 11111111 11191
Amorum. 151 ς111131111,111111111,151

---, 121

1151111111, morum, Evmk, 1111111111, 08,
100 3 1111111, 220, 252

Ebot-mem Amhiep'uoopi 1111111111 11 7711-
111111 (111111, 220 3 Rogmlos 3 Gdffiduu,
100 3 0111111111111111, 01111111111111111,
0, 220, 281ς 1111111111 1711111111 (1121111111,
108,117, 152, 158, 156

111111, 215. Vide 811111

1111111111, 1111111111 11,(111111511111111111111
11 om 01111111, 106, 225

1111111111, 1111511111, nox 0111111, 210

Eds-m. 1111 1111111111, 211

1111111111, 1111111111 11, 6, 228

1111111111, filiun Regi· 11111111 111. 50, 105,
108, 155, 157, 210 3 1111111, 11111111, 108

11111111, 211 1151111111, 221

1111111111, aa Anglomm, 170 3 11111111, 18.

,111111 111311 11111111 111. 10, 20, 21, ¹

22, 20, 88, 11, 50, 58, 51, 55, 11 111.·
11111111, uxor 1111, 20, 21, 22 3 1111111, nux
1131115111 1111111 11111111, 171111111-
3111111111, 219, 11 111.

11111111 11011111111,111]1’2131111111,212,
11 uq.,· 11111111, 11 11111, 215, 251, 258

11111111, 11111 111] 11111111 11. 218, 258 3 Ray
111131111111.

INDEX.

11551111111111 Nonhumbrie, 220

agonem, 218

agmone, 1111111111111, 111111, pon d’, 112

1111111111, soh-nm 11,51111“11111“111, 100

Eli, 30111 (11 W«. 218

Elian-0 momerium, 213 3 8111111 Abba ojus·
1111, ih.

1111111111 1111111ρί ab 1111111 11 1113111111
1111111111,218, 2111 Nigollun3 Regi· 11111111-
11112111011111111111111131111111, 11111111,
Rufa (111111111111, 100, 200, 211 3 1111111111,
Suum 11111111, 2143 5111111111, Abba 11
1111121111, 11,· 1111111111 1111131,ι”5.,Ι ungo,
11111 Abbu 811111 1111111111, 11,· wil-
1111111111 11111111, 11,· Engo 11 1111111111,
157

my, 11111111 11, 80, 85

Emtae, Immo, 1111111 51, (11111151-
111111 Turris 11 Custos (11111111, 102, 225

1111111111, 218

Emis, 1111111, 111111, 00, 08, 1003 11111111
1111111111, 67

-- 1111111111111111, 78, 82

1111111111, Magister Simon 11, 287

111111111181111111105

1111111111, 8111111111, 252

11111,11η,11111111111, 1111111, 7, 0, 10, 12,
176, 228 3 1111111111, 1111111111, 0, 228 3 Wil-
11111111, 1111111, 20, 221; willielmus, 1111.
11111121, 221

Eu, 011111 11, 11111111, 182

1111111111, filius Regis Stephmi, 107

11111111, 1111111111, 21, 221

11111111, 1111111111111, 120

1111111, 100

1111111111 1111111111 1 1111111111 11 1711111111
do 1111111, 2173 willelmus 1111111171
1111111111 Albus, 15.

11111111111111111, 88, 87, 00, 05

 

