‘260

10000100 8010000, 210
Amorne, 8010111100 00, 109
8001111010, 11000000 249
Arma-bon, 1101110 00, 248
Δγιη, 81001000, 01110101, 121

B.

80, 1100110110 00, sucini-uin, 18, 14, 18, 25,
81, 33, 30

Baga, willelmus, 1100000100, 101

80100001, 0000111010 0000010100, 218

801101, ,10110000 00, 88, Eum 00, 97

80100101, 1101111000 00, 38

hugum Episcopus, 1110111000, 213

Barba, 1711Ιί01000 0010, 2, 200

80101111, willielmus, 9

80100000, 197

8011000110, 98, 100

80010300, 80011130, 80013310, 8010000 00, 4, 175,
223, Adam 00, 18, 82, 177, ’111οο0000, 51,
109, 118, 152, 224, 9711110Ιο00 00, 001001,
120, willielmus 00, hnc, 245, noberta·
00, 248

het. Philippus, 1100110110 1001110110, 42, 44,
47, 49, 51, 53, 92, 95

But, (10101000, 0, 7, 8, 170, 283, 81001000, 10,
11,12, 13, 18, 20, 38, 34, 43, 177, 223, 224

8110001110, Lucu 00, 88, 89, 92, 05,102, 185,
171, 224

80111, 01100 811, Petrus, 4, 228

80101110, 214, nonuncium, 11.

8010010οι00 ot 9701100100 Episcopi 011 41001010
00 1000110010, 214, 10001100, 202, wimul-
000, 123, 157

natur, 1110101000 10, 120

8000011, 8011011 00,(11101100101 88031οί0110, 258

80010110, 1111100 00, 182

8010010, 1101101100, 120

11111811.

80010010, 199

8000, 179, 217

8000111010, 80001010, 0001101110, 98, 100

80001010, 0000110 00, 204

801, 1101101100 10, 222. Vide 101101

neman, 8000010, 121

8010301100, 10110οο0010, 1011001010, 179

8011000000, 8010001000, 0000100, 81, 202

1101101010, 179

8010110οώ00, 52

8011171, 252

Ruunt, 80000, 1101101100, 2, 222

80801110, 8000001010 00, 248

3101108010, Md& 11111 de laudm,
248 , 77111000 00, 248

80101000, Gala-idm 00100, 80101100, 8010·-
10,0,100000,11,228

80001100οᾱ propd‘u, 10110000 00 cunella,
103, 104

8000000, 8110 11001100, 245

81801, 11030, inter unani, 1101101011υο b.
1100 Angue. 87, 38, 39, 42, 52, 53, 07, 88

811101, willielmus 00, vim, 101

81110, willielmus 00, 0008000000,121

8100011101, 8110 John 00, 247, 249

8111000010, 8010000, 10001, 244, 245

8110011, 810000, 10 (10101001, 810000, 248, 248

810000, 91010110, 248 , 1101110, 248

8101101, 1011 10, 110110 00 10110100, 247, 248,
249, 250

mundus, 80101100, 2, 222, 1101000000, 2,
willielmus, 4, 228 , Regem, 7, 228 , Engo,
0011101101, 9, 228 , Pam, 0000111000
101110, 17, 8011010110, 89, 109, 224, na„
001100, 242

111001, 0101101000 10, 222

8011100000, Philippus 00, 11υο0001100 Domini
Regis, 10

8011011110, 80103010, 10100000, 1, 222

 

