INDEX·

00100, 11111100000100101, 001

00100111, 0001. 110111. 0011

001011, 1101101111, 1111

0001110101, 000100 01, 1101010001, 11

courcy-xur-Divc, Ncrmxndy, xl, 1, caclo 01, 11

-1110101000 1, 1101101100, 11, william
0011011031 01011010, 1111,1,11,111, 11101011,
110 1110, 1111, 1111111000, hic 000, 1111,1,
111,1101101100,111111101101,1,111,111,1111,
011010, 1110 wilc, 11, william 00, their 000,
110 111131 1101010, 111, 11111, 1111, william 00,
110 000, 111, 111, 11111, 00001000, 1101110111,
1111, 11111, 1111111110, their 1011, lii, 111, Alica,
11011 daughter, 000 00101111 000 0111301010

courtenay, 1101011 00, lx , 1010 00, 111

00010000, 0100000 01, 1101100001, 101

-- (1001110,,111010,101,0111

0011111οῳ0, 0011οῳ, 0001. Ebot. ccxxxiv

0111010100, 0101101010, 0010. lion. viii, cv, 011,

ὠ .
0100000110, (1001101 00, 11 ·

01011101, 0001. Suu. 011111

010010, 01011, 0001. Νο11. 011111

010011031001, 010110810οι, 00111. snit clxvi,
clxviii, clxxxii, clxxxiii, 00, 0011, 001, 01. 01
81. 1001011, 01111

cruny, 8111010 00, kt. cxxix

Orctyng, Grccting, 01100 ,111011 01, 0001. Buff. 011

0101001101, 01001101, 1111101100, 0111, 110 1110,
,11.,· Ηο1000 (10, 01111, 0111, 11000 00 Amn-
0100, 110 wilc, 01,, 11011011 00, 11011 grandson,
111.

0110111100, 0110101000, 11100. 01, 0001. ch, 11,
11110111. Ι

0003101010, 0001. Nori. cxcii

01011100, John, 001111

01011, John 00, 011

0101100, 0001. 1111010, 111, 1111, 11111, lxxxii,
lxxxviii

0101100, 0001. salop, 00111

0101101, Sir John, kt. 0011

0100111011, 110100-110101, 011111, 0111, 011111, 01,
Ι0111, illud, 1110 wilc, cxxiii, 0111111, 111010,
11011 daughter, cxxiii, 01100.,· 110101, 11010
1100011101, 011111, 01111, 011111, cxcvi, 1101-
guel, 1111 11110, clxxxviii, clxxxix¹

0101111101, com. 8011. lxxiv, lxxx

0101111100, Abbct 01, John 11111ος100, 0011, 001,
ccvi , Thomu, 1000101 0011001 01 the, ccvi.

Ovoydon, 0001. 8011. lxxx, 101111, 01, 0111, 0111,
0111111

0101000, 110011, cxxxii

0001111010, puk 01, 0001. Suu. xlviii

0010110000, 1110100000,οϋ , 1010000, 1111111001.

0111111110, 0001. 011. 1

001100, 0111100, John, 000100101, clxxx, clxxxvi ,
Thomu, cxcvi

0111110,Ηο01,,0011

01100000, Thomu 00, 111

D.

1101101000, John, 0101111 01011001, 011

110010, 10111, 01 110 801111, Thomu, 011111,
1111101011 1101101, 110 wilc, 11.

11010, 01101 01, 011111, 0111111

11001011, 1100111100, 1010, 110301, 0, 011, 011, 01,
011, 0111, 01111, 011, 011, 0111, 01111, 01111111,
0111011011, 110 11110,0 , vec 01010. 10010100,
01111 , 01100 01, 0111

D'Arcy, John, 10 1101011, 01011010 01 11οΚ1031
1011001010, 01111

1)01111101111,00111. 1101. 1111

0010110111, 0001. 110110, cxcv

Dcubridgcccurt, 0010110111. cxxxiv

1100100, Thomu, 000100101, 001111

naualem, Sir Walter, 11. 0111, 1111101011, his
1110, ic.

 

