272

Oroete, 160

01031111 Rex, 220

oxeneford, 010111,1011111111, 98, 100
oxeneford, counio de, 8110 Euge de Ver, 251
01011011, 101 d', 11111111, 243

010111, 37, 50, 52, 53, 61, 73, 197

010110, Comen, 20101111, 75

0111218122, omrem, Ofltoegtte, 50111101 de,
111 ; Stephanionem, 101

2.

Palem, 131

2100, 10, 80, 93, 154, 155, 159

21111101,211·11,112,113, 114, 159, 199, 246 ;
Temple 1, 112 ,

Pei-in, Simond de, 1101101, 249, 110501· de, 1101·-
011, 250; ainardus de, 142, 225

2111101, 1011111110, 143

2111011111 11. Papo, 180

Potrici, 10111111, 11111101, 1201 Esuriens,
111101 ojus, 11.

2110111111, numinenumine Regin, 237

2101101, 1101101· 10, 111101, 245

2011111101, 211001100001101, 101

201111011, 20111101, come (10,.10111101, 132

2011011, 20111011, comendo, 11101111, 131

20111011, Comites de, 1110111111 11110101111,6;
(1111111111, 1111010101, o.

2011111011,00110 de, sire Emeir 1112110101, 245
251, 252, 253

201010, 201010, Comen, 11101111, 203

20101, Sire 11011310, 251, 252

2071011, 20111011, 2111101010 de, Amunchnum-
berieyn 10 2100, 245

21011111, 43, 204

21011111 Comes, 1110011101, 199

21111111, 2101111, 1110111111, 20, 45, 221

2100111111, Andreae, 18

11011.

2101101ᾶο11, 2111011011, 7110111110, connubu-
111111, 81, 79, 98, 114, 120,149; Regem
1111111111111011110. “

21111101, 1111111111 10, 121

2010, 1110101111 ,111010 de 11, 138

Pendeo-ntor, 10 21111, 100011, (1001, 4, 223

2011111110, meudun (111001111111 sinoti Ed-
mnndi de, 216

2011111011οι, 222

2011119111011110, 109, 124, 148, 152,154,
171, 225, 242

201110,1100,240

2001101101, 242

2101101, 21111010, (1111101111 de, 1 1111111101, 57,
10ος 101 de, 243

211011, 101, 242

2100011110, willemo, 243

210111010, Comen, Rnymondun', 7

—-- merentem, 118

Pontii, 2011111011, 001111111100111, 171

11.

1111111011, 0011011101001011111, 197, 215
Redingee, 201;1111111110, 196, 198

1101111, 11110110, 11131010 11010101, 215
110131100111011011, 201
110131111011301211311, 1110111111, 5,7, 176, 223
Reyner, 1110111111, 222 3 0111011111 Reynerii
Reynee, 137

Reyelepe, oepelle de, 154
1110111111 1. Rex Anglie, 1, 11, 157, 199, 200,

238, 253; Riohnrd 10 1101, 222

1111011011, 10 (101110 de, 1011, 253

11011, 2010011111, 16, 62, 202

1101101111 Episcopi eb Jueto 111 Laurentium do
Sancto 11111110, 219 3 Henrioun 1110111 de Sen-
10111,1’0,· 1110111101 dietus de 1101110101,11.,’
laurentius de Sancto 11111110, 122, 157

 

