num.

11118111111,01111111111,11111111,11 1111111242

1118111111, middelton, 81111111, lucendus 111,
J 1101111111, 01, 100

Mimos, 1111111111 111, 18

11111111, 100

1111111, 1111111111 11, 1111111111, 101

1111111ιὶ Albi, 201

1111111111, 111111 111, 252

monteforti, Petrus de, 31, 10, 62, 60, 11 3 Simon
111, junior, 62, 14,16, 82, 83, 133 3 1111111111
111, 12, 11 3 (1111181133 ;1111111111111, 110

1111111111, (10111111 111, 1111111243

11111, 1111111111, 11111, 11111, 242, 248

111111111111, Rogatus 111, 38, 61, 16, 101 3 111·
111111 11111111, 76

11111111 (1111111 831111)11111111111,246

1111111111, walterus de, 121

111111111111, 111 Monte 0111111011111111111111,
24,13, 11 3 1111111, uxor ejus, 24 ; 01111111
111, 38

1111111111, Stephanus 111, Camerarius, 242

1111111111, 1111111111111, 111

1111111111, 1111111111, 1111111111 (11, 10, 224

1111111111, 222

111111111111, 26

1111111111, 111

111111, 11111, (lamentian, 242

11111111, 111111111111111111, 22, 33, 43, 224

N.

11111161, 182

navarie, Rex, 1111111811, 132

11111111, 111111, lauis, 246

Nero, 1111111111, 213

1111111111, 210

Novem, 11111111, 011111 (11, 1111111111, 132

1111111, 111181 111, 1111111111 111, 1111111011
Domus 111ςὶ1, 47 3 1111111111 (11, 18

11111111, Pom, 1 3 ,4111111114

1111111111, 1111111111 Sedis 1131111201

1111111, comitatus, 08 3 11111 1111111111

-· 1111 111, 210

Noe, 180

Norenses, 201

1101111111, Νο11101111,111111111111, 84, 00, 08, 100

111111111111, Νο1111111111111, 1111111111111, 1111-
11111111, 1111111111, 41, 08, 100

Νο11111111111, 1111111111, 111111111111111, 46,
62, 80, 82, 84, 81, 86, 101 3 11111111, 46

--- 111111, 11111111 1111111111 111, 46,
41, 48, 40

1111111111, 1111111111, 1111111111 111, 20, 41,
224, 242

1111111111, 110

Νοη11111111,1111111, 1111111 111311, 1111111011
Angue. 31, 38, 42, 13

Νο111111111111111, 1111111111, 08, 100

11111111, 1111111111 111, 1111111111, 101

Nemeum, 141, 146 3 11111111 embadalis,
145, 146 3 11111111 11.

Ramnenses Epinoopi 11Η11111111 111 1113111111,
216

1111111111, 1111111111, 08, 100

Novo 11111111, Adam (11, 11

Ο.

0111111111, ottobonus, 111111111 cardinalis
811111 Adriani, 11131111 Rome 11 1111111111
sodis, 88,88, 00, 01, 02, 102, 101157, 118,
218, 218

odiham 11111111, 202

Off» 1111 111111111111, 214, 211

Orientalium Anglorum 1111111111 1 Sancto Felioo
111 1115111111, 211, 216

Orientalium 81111111 Reges,180

 

