11101000. cxxix

000101, 1011 1] John 80111]; 0 01111 part 01 000 fies in 80111001, 10111]
John Το1001; 0 01011 0011 01 01101 10 hylen, held 1] 1010101101111,
101011, 101101 1101]; 1110 00110 01 0001101 10 1101011001010, 1011 1] 110
000)ος 1011010110 00111010, 10111] John lnglish‚ 001 110 1110011011 part

01 01101 1011001011, “01 dicunt quod 001010 1001001011010 000110 10010
100010 vescy, 01 pertinent manerio de Culthorp 000) 0011000110,” 01 which
11010100 1100 unknown to 110101010.1 10001100ου1 to 110 010001 01
Westburgh 10101110 11010111 101010 Wrawby‚ 1110011011 111100, 001 El·
01010, 1011 1] 111101 10 1110οο111000, 1101011; half 01101 10 Ο10]0001, 1011
1] Ν101ο100 Ηο1100 ; 01) 010111 0011 0101101 10 (11000001 001 1100100, 1011
1] 0111011 Ο1000],1101011; 001 uu 010111 0011 01 0101 10 Ο11]0001001

1 1111011010 01110 80110] 00101 Wilh'am 110 conqueror 110 1001 01 1101011 1011000]
0010011001 0 010001 10 1101011001001, 100000100110110111010, 01 00100 0011000100 001
111001010100. A 100001 10 01011010, 101100 01001000 0011000100 001 1110 1010100 10 10-
100000, 001 11000010110011000100 001010 1010100 01 00110 00110110. land 10 00 0100]
0100010,1’.01011]-01011, 10 which 11010 adjuvent 11100 10011010, 1111001011, Ι1101000100,
001 1111000110 0111 10 11 11010 1110 01010100 001 1100110110,ωά hall 0 mill, 110111 tun
01111000, 001 01011 hundred 001 eighty 10100 01 10001011. Laud 10 11100100 001
1100001] 1100 0100 00110 01 1110 010001, 001 0 1011 0011110010 in Swuyton 1100 0 1010111011 01
110 00100. A 10000110 8101001000 01 011 1010100, 11111 1110 0011-0110 01 1110 011111000 001
0101100000, and 0 aubery, yielding two 1001101 0010 00101011000 00100 0110001011. six
1010100 0010101101 100110 Ηο0111001011, 10 1010111010 1100001010, 1100 0100 00110 01
(10]11010. 10 11010010 10 1101111 101 110001001110, 0010110010 111101011011000],110
1001 00 10110110 1-11111110101110 10 1101101111 10001 00010 lendum 10 ’1011010 11111010)οε 10
10111001 10001 tertiam 0011010 001001οο1110 1100110οω0. 0011010, 1110100, 1100000100,
8000011001 01 11011110 100001101010010 willelmi 10 Voecy. ,10100000 00101000 00001
1001010 10 0011010. 11010101001110010100010 00010 1001010 10 11010ιο0100. 10110000
10 11011000 unum 1001010 10 Wylgheby. Rugum 10 Βο11001101111010 1001010 10 800-
0011001. Willelmuu 10 10111001 nonum 0011001 0010010011 10 Β]1111. willelmus 10
1001101100 001100 0010010011 10 1101100100), 01010010100001 10001 tanum 00001
111 81100010001000010 scutagium 001 01 xl. 0011100 quelibet 101010 101 1111. 10001100.”
’1101110 01010100 1000110001 10 [10010010] 01111010100011000 01 01011010 001 Non-mun·
100. 11100100 10 0 1010101 01 01011010] 1111100011] 00180111010 010 10101010 10 110
1101011] 0110000101. 110111] 0001 1100100 1010 1101001101 0111000, 0011100110010011)
1101011010111010. 11010100 1101001101 01 1111100, 001 81110100 10 1101 01 Ave·
lund. Τ10 1101001000 0100100010] 1110 10 Β10110101001101, 001 01100 0001010 the
10000101 100181010010 8010001001. Τ10 1011000 01 william Lord 10110101, 10000001
28 1100111110. 11.‚ 1100 1111001011, 11011110 011010 1011 11011110 01 1101] 11001001-
book 1100 the 00100 010 11010 extending 110111 Spalding 10 nenton 10100, 001 0001100
through Biokor.

chun. 800. ³

 

