INDEX.

1616661116, 1161666166, 6661116166, 98, 100, 101

—-— langen, Legeooetrh, 212, 214

hiemem 1116166661, 866661166, wlfridus,
76116, 212, 214

Comites, 1161161166, 198, Simon 66

1166161616,666161

Lem 79 , 6666166, 48

Leonum 61166, 1161666616, 196

116666, 99111666 66, 248

116666, lewes, 62, 63, 64, 66, 70, 71, 72, 73,
76, 224

1166616166, 616661616, 212, 214, 216, 66666 Ax·
66166166666166 6666, ih.

hicheseldenses 61 (166661666666 61 Centrum
Episcopi 6 Drima 66 11666666, 661661661,
vida 0661666666 66166661

1116661616, 1116616, comitatus, 98, 100

1116661616, civitas, 23, 84, 203, 213

61666161666661161666616116611616 66 1116616616
66 (1661666666, 213 , 1161166166 111661, 61. 116-
66666616616616, 16. 1166666666 1166161666ίὸ.

1116661616, 11166116, 661666066616 66, Η6661666
66 Luci, Henri 66 Iani, 164, 246

Linde, Lynde, 16666666 66 16, milon, 80,106,
224, 226

16666616 provincia, 212

6166666166, Η611661666166616,166616, 220

61661666666666 Ε6166661 66 616666 66 616661,
220, 221 ’

hingo, Ivo 16, 616661, 120

1161666, 11666166 66, 20, 91, 224

116666, Dominus (16161666 66, 38, Dominus
(1116666616.

1666116, 66616, 246

1166661666 111166 Ρ6111661 Regis 6166616, 4, 202,
203, 204

1611, 116666, 121

1666661666 6161166, pmim

-—-- Turris 3, a seq.

269

1666661666 Pons, 3, 17, 18, 40, 41,90, 94, 1411
197, 210, 260, Capella 266116, 3 , Porta
Pontis, 44, 46

--- 8666166 Paulus, 8, 19, 42, 49, 51,
61, 69, 73, 84, 92, 102, 163, 197, 202, 210,
218, 244, 249, 260, crux 16 cimiterio 866611
Pauli, 19, 36, 37, 42, 46, 49, 60, 90, 163,
66611616 8616196611, 261 , 6661161661, 163

——- Novum Templum, 16, 39, 164,168

--- 1166611616, 1166616666 1666661666
extra 66666666, 6, 46 , Prior 61 1661166 1166-
pinalis J 616666611661, 289

--- Ν 6661 Abbeye 661166616666666616
Alegate, 249 ,

-——- 66616616 866616 1116116116 66 6166616,
10

—- Ρ11616166 866611 Β61166161661, 13,
Prior 61 66666161, 12, 17
----66616616 866611 Martini 11636113,
49, 160, 162, 166 ¹
66616616 866616 Mario 66 6666666,

128
——·- 66616616 866611 Petri in soro, 166

—-— 66616616 86666016666116 Dauorum,
197, 210

--- 1166161666 6666666, 77
—-— 11161666 666 From Ρ66666616, 261
1166611616 866611 Egidii extra Lon·
666166, 12, 20
(11166611, 10, 61 seq.
--—— 6616 Episcopi 1666661666, 316
44, 84
(16616, 21, 22
--— Porto, 21, 24, 40, 41, 44, 46
--- 6166616, 44, 46
---- 0666616616, 61
--,- 11666616, 44, 46

--— Neuwegute, Neugate, 7, 22, 24, 91,
99, 147

 

