260

58, 63, 111, 122,126, 126, 133, 137 3 Phi·
1111311111. 123, 131, 132,133,137,110,153

moriem 1. Impenwr 3111111111, 133

3116111111 11. 13, 1331 1111111111, 13

1111111, simona, 31111 6711111, 250

From, 1111111111 11, 22

Frank, meik, Frowiek, Fmvyk, 1111111111
11, 12, 13, 223, 221; 1111111111 11, (111111
Civitatis, 151, 152, 151, 171, 226

31111111 1111111111, 132

3111111111, 37

6.

61161111 1111111 11111111 111311, 133

61111111, 111111, memmimus 111311, 237

61111, 611111, 11131111 Domini Papo, 202, 203

611111, 311 11, 311111, 213

6111111, 61111111, 311, 1111111111 111111, 215,
217, 250

61111111, 6111111, 11111111, 3, 223

6111111, 111

61111111, 213

6111111111, 111111111111111111111, 10

Geli, 711111, Polam, 213

611111, 1111111111, 27

6111111111, 611111111311111111, 26, 27, 12, 73,
115

---,111ι11111 11, 133

61111111, 11111 11, 37

61111111, 11111111, 23·

61111111116131111111, 61111111111,.111111111, 011131-
welle, 1111111111, 213; 1111111,11111111 11,
Mem 11 11111111, 213, 216

6111111, magister 6111111111, 111111111111 111311,

“ 111, 111

6111111111, 611111111, 1111111111, 202

.--, 111 11, 213

mm.

6111111111, 6111111111, 11111 11, 3, 223

6111111111, 11111111, 133

6111111, 6111111, 611111, 611111 61111111,
3111111111, 3,11, 12, 21, 33, 113165,
176, 177, ²233 31111, 111111 de 11111111,
215

6111111111, 6111111111, 1, 0, 70, 73, 75,111,
135, 2023 Gloutettm, 213

6111111111, 6111111111, 1111111111, 33, 100

611111111,011111111, niardus 11 (11111, 26, 31,
33, 37,10, 11, 50 3 6111111111 11 chre, 61,
65, 70, et 113.

6111111111, 01111 11, 61111111 11 61111, 216,
231, 232; 111111, 11 111111,231; 1111111111,
n 11111313.

---,17111111111111,73,32; 111111111,213

eudaemonem, 213

6111111τί331, Jon 11, 1111111, 213

6111111111, 1111111111 11, 133

61131131, willielmus, 23, 30, 221

61111131, 1111111111, 162, 212

6111111111, 110 ’

61111, 133

Gregorius 1111111, Papo, 217

61131111 V. Papo, 11111 111111 611111111, 130

61131111 vn. Papo, 11111 11111111111111, 130

61131τί11 Χ. Ριρ1, 111, 153, 172

6111111111, 11111 11,.111111111111, 38, 100

61111, 1111111111 11, 7111111111, 101

6111111111, 6111111111, 130, 251

611νί1331, 11111111 11, 233; 011, 11111311,
ib.; ’1111111 11111 eorum, 1., 1111111, 11111
ejus, 13.

6111111111, 2111111, 237

6111, Tomos, 213

611111, 11111, 37

611111, 1131111111, 121

 

