133311.

3.

31666161, 31661666 66, 3ος Simon 66, 77, 79,
32, 224 3 willielmus 66,109, 166

3661636, 236

3611661616, 36166636, 74,170

36166636, 111116 66, 243, 247

11616, 3666166661 66 16, 3, 222

3611636611, 1161166116, 243

36161666, Philippu· 66, 120

Hammo, 6666116 monachorum 6366, 91

366666616111, 3666116666, Imperator 6166166-
616, 161, 162

. 3166666666,133, 139

36661666, 166 66, 1661661, 243

Mimo, 11166666, 1111

3111116366, 3661166666, 39

3616613131611666, 3, 4,175, 2223 36661166,
7, 223 3 36661166, 16, 20, 23, 24, 29, 36, 43,
176, 223

3661636, 1161161166, 1623 176161, 2433 316616,
1161661, 250

11661116, 3661166666, 120

1161611116, 3613116, willielmus 66, Thannourios
Domini 116316, 666166 6111116116, 1,12,14, 16,
17, 222 ; 11166166 66, 3, 222

36366616, 3661166, 136, 263

366666, Simon 66, 7166666166, 101

361166, 363166, 66116116 66, 136, 144

11611611, 16166666, 121; 1611116666, 66111661 ojus,
63.

36111666, 3613166666, 31316116, 31316116, 16
1166666, 161166, 3, 2223 1111661166, 3, 4, 223

nemim, 216

nomm Epooeii 11 m 61 mamm,
216, 216

3613611, wilielmus 66, 1666661166, 100

1166666166 66, 263

3661636, 6661166116 1411611116 wanlia, 123

267

366116661.1613616161,179, 1923 (1661166, uxor
63111, 170

116166111636661166166, 1161161111,
61616361, 16.

3661161111. 1161 3113116, 10, 130, 196, 136, 107,
218

amous 11. 6611316, 166, 161, 161, 116,

263

36611661, 166161, Rex Angue, 111161 1163113611-
116131161636611111, 193

36611661 111. 4 61 663130, 181, 200, 202, 11663.

36161616, 3616161616, 6661116161, 93,100, 101 3
6111166, 73, 74

36161616, 7111161116 66, 248

3616161666666 331666ρί 6 Potio 66 1611666661,
6161616 3111661116, 213, 219; 31136 361161,
2193 36661161 66 361666661611, 13.; Petrus
66 3666166666, 22, 63 3 1611661166 31116122,
167

3616161616, Gomon, 3661116111 66 361166, 37,
1643 3661163 66 Boium, Oounto, 246, 247,
261, 262, 263

36113666, 133

36111666, 16666666, limitamus, 1, 6, 222

361161616, 3611161616, 6661116166, 03, 100, 101 3
6661611661, 202

36111, 36113, 361613, 1711116161, 70,102, 106,
119,142, 143, otioq-

3631116111, 31661666 66, 7166666161, 101

363166, Thomu, 242

36316666, 36311666, 3131611666 66, 120; Petrus,
66, 3616111661, 121

nocio, 1111111666 ,66, 7166661666, 101

36611616, 1616166611 66, 7166666166, 101

36166616, 34

Honorius Papo, 210

363166,17111616166, 7166666166, 101

3616161166666, 166, 143, 164,166, 171, 226,
247

 

