262

0811188888, 197

,centus-ris, 0881816811, 167, 288, 248

088188118, 0818881808 88818818 888818 Trinitatis,
167, 200

·-- ,41811881888881881 nemius sb Augus-
tino sd liebertum, 217, 218 , cantuariensium
,41881881888881818 8818188 8811188 8811818,
181, 221, 222 3 Augustinus, 219 , 188188, 0.,
1188811888, 1181181888, 218, Anninus,
218 , willielmus, 187, 7888681888, 197, 198 ,
8888188 11188188, 1181111, 6, 198, 217, 218,
222, 288 , 8818111888, 199 ,1181181188 87811811,
280 , 8188118888 8818888888 8888181188 18818
0818188118, 200, 201, 202, 286, 217, 111881888,
dietus 18 01881, 218, 1188888888 88 Aben-
don, 218, 8881188188, 17, 18, 87, 42, 44, 48,
87,108,124,181,216 , uidemus, Prior 88818-
818 8888187118118118 88 0811188118, electus, 164,
118181 88681188 88 Killewsieby, 166, 167, 180,
181, 184, 218, 222 , 118181 Johsunes 88 Peek·
1188, 188 88 1888881, 222, 248 , 1188818888
7788811818886818 88971888188, 222, 248, 261,
71181888 88 08681188, 818, 246 , Wster Re·
nsud, 246.

088188118 officialis, 184

0881816811, 188 88, 248

088188, 168

0888881888, 1111811888 88, 121

081111, 176

081118188888 episcopi, 221

0818188 Res Frsneorum, gener 11888181 primi,
178,192

08818118, Βι11118188888 88, 116

0818181118, 11818188, 1181181188, 29, 224

08818181, 1111818181, 82, 118

0881118, 126

0881118, 1181, 11818188, 181, 182, 188, 168

—·-· cuneellsrius, 182

08881181, capitaneus 8181111188 7811818818, 148

lienus.

Csudsis, 8118 1186818 88, 08111888 8818118188,
246

088111888101, 246. 7188188818οῶ8

0881, 0881888, 1188888, 268

0881180818, 88

Cestii& 78, 216

0881118 8881118188, 21

0888811188 88188881 (18888181888888 81 08188-
1188888) 8 08888 88 Rugosum 88 1481881,
214, 216 , willelmus 88 1181118118, 202, 216,
818188881 88 Stsnesbi, 216, Rogm- 88
1181881, 128, 167, 216

0118181, 200

0118111888 18118 Wesunensstesium, 47

0118118888, 1118118111 88, 88

0118811811, 0111811811, mugisterJebsnnes 88, 1418111-
81888888 1888888188, 18888818τί88 Regis,
106, 128. Vide londonienses Episeepi

0818188181,1188881,248

0188111118, 218

cicestrenses Episeopi s 81188888 sd 8188188818,
218, 81881888 0888808888 888811 88881181
88 Ρ881181888, 216 , 1811811888 01188188, 218 ,
Stephanus, 84, 167, 168

01881188,110

cistersienses 8181188111, 167, 168

01818, 11188188 88, 11818 18 08818 88 0188818181,
118

0181111, 11188188 88, 121

clemens lv. Psps, 118

0181888888, Siue 118881 88, 261

Clericus, 1811118888, 18

--, willielmus, Deusuus, 121

0111181818, 011081811888188 de, 68,106 , 1186811
88, 262

08818, Rex englisce Ι)8888181818,179 , 0881188,
filis ejus, 86.

081181, 81881888 18, 120 , 0888111888 18, 242

08111188, 08811881, 1111811888 88, 6, 6, 7, 228

 

