258 0000000.

801. 81, 00800, 10 lm

801. 88, mo, {ponderum 880
801. 82, 00800, wintonium, 80018
801. 88, 80080, Cim 18000

801. 88, 00800, Regin», 000110οἰ8
801. 88, 80080, Ι 800808100000800000
801. 84, 00800, 1800 0000

801 85, 80080, 80010800808 801
801. 85, 00800, 8000108008 0

801 suffecto, 10 andhuno

801 88, 80800, 081800 Rogo

801, 87, 80080, 80000800 80

801. 87, 00800, 08 quidm

801. 88, 80080, 08 08800

801. 88, 00800, 00 10010

801. 89, 80080, multi 8000811

801. 89, 00880, prisona, qul

801. 99, 80080, 000800 11801

801. 99, 00800, tun 01081010

801. 91, 80080, 00008181 0οΙ00888
801. 91, 00800, 0811080810 18010
801. 99, 80080, 0008 0008

801. 99, 00800, 10 08088080

801. 98, 80080, tris (100800

801. 98, 00800, observati ς’· qum
801. 98, 80080, Ι 8008. 1800000080οι
801. 98, 00800, in 08008100

801. 95, 80080, 0000οο800 vexillum
801. 95, 00800, moe-lt 08

801. 98, 80080, 08 per 808οι0

801. 98, 80800, nwmonuufio

 

