268

11010051, 1110016 66, 246

1100ρί101051, 157, 158

11001τί00, 115066, 199

1103105616, 0015110150, 27

1155651016, 221

1156656656, 1165111050 66, 10161561, 121

1155161005116, willielmus 66, 1100001560, 101

1155ῑί036050, 115511536056,115511536550, 00-
15110150, 98, 100

115161, Annus 16, 152

1131161510, Hibernia, Ybernin, 21, 20, 70, 83,
102, 126, 201, 203

11156150065010 00616010, 200

Hyspnnnia, 1110305510, 57, 125

1110305516, Rex, 113110505520, 125

-—-- 1163150,10110550, 171

11151.

105061, 105 16, 249 ’

1610001150,1615001615, 1, 180,199

16100011511050 Tem, 122

1610001151105010511310003015156190510101101515
nomina, 01060110 1113116] 66 Simeonem, 180,
196 ; 1161601150 Ρο111010110, 198

1610001156, Jerusalem, Reges, 0066111650, 160 3
Gwido, 199

1130, 1530, 91111056, 1511106, 249

Innocentius 111. Papa, 123, 200, 201, 203

150510, 0051111006 66, 204

10155560, cognominatus 8156-16110, 11οκ An·
3116, 2,4, 18, 199, 200, 204, 205, 10006110,
51016150, 199, 202

1011051160, 1111501103ἱο 11650161 1. primogenitus,
87,128, 141

1031161, 1035161, 10365161, willielmus, 5, 7, 8,
116, 001

1011050161,Υο1105011116, 61, 91, 135

monn.

11011101, 1511101, 62, 109, 118

15661, 1, 16, 19, 23, 50, 62, 199, 234, 61 uoq.

155101, 1516510, 16151656, Ρ61100, Ρ6100, 3,
222; commanus, 0001011115, 3, 223, 10·
0650,.1006, 5, 223

11016651, 250

11010150 Magnus, 0010150 Magnus, 28, 119

11010150, patruus Lodewiei lx. 116310 11105016,
126

11030, Κο1, 1011ου560, 10110566, 2, 222

8656160506, 00011551, 74, 75, 76, 87, 89

8651531056, 7, 9

11651, comitatus, 98, 100, 101

- willielmus 60, 79, 82

8153601050, 203

Kniwoebrigge, ³1

11056160 3 0160 0056160

1..

1050656156, 164, 202 3 0036110 ,4105163500ρί
cantuario 0356, 164

1015111, 105, 30000561, 216

1050001110, 1011000116, 0051110150, 98, 100

10100056111110106, 005516 66, Thomu, 245,
251, 252, 253 3 005516 66 V. 0055160, 247

lannoy, 150510 66, 9

10510161015556066, 1111015561, 121

humbert, 10515611, 11105100, 5, 223

103551, 1101611υο 66, 7106001560, 101

161161, 1101101150, 2 3 1160 Bel

Leggleyn, 170161, 248

1611151116, 116111510660151550 11036100 66, 77,
78, 80, 85, 105,111, 113

 

