1110οΧ.

0555155515 5151155, 288

—--— Arshispisoopns, 05555155, 26, 28,
102

0551511, 1155551 15, 248 ς 15155515, 250

05555155, filins Frsihsrici 1555551555, 188

0555511555, fliius ans, 11.

05555505555115, 181, 288

05551151, 182

οο555511,055555115, 0555550511555555115055-
55115, 11555155515,1,222;11555515515,11, 12,
100, 115, 228, 224, 258 3 8155555 15, 248

05555515, 5555115155,100

05555515 comita, 0531551155, lvminaria,
155155 115315 11555151111. 0,11, sum 15555115,
555155 comitis 01555515, prims 55555155, 20 3
8555515, 5555515 5555 5155, 51.,’ vids 515
55555555 51 1155555555 1155

0555555515, 055515 15, sire Psrss 15 1155551555,
245, 252

corp, 815551, 5555555, 245

(insin, 11111555, 250

0551551515, 1115551, disper, 248, 247

0515155, 85155155 15, 248

05155, 155, 5515155, 248

0555555515055155115, william, 248, 250

05555155,15515555, 155155 15, 7, 228ς1155-
5155515, 42, 152, 168, 105, 224, 225115-
55555515, 5555555, 121

055551515, 215

05555, Simon 15, 08

051115, 15 055555555155, 217

0511155515 05515515, 212

cridiensis Episcopi sb Eduiio 51 1155551555,
217

0551115,1155155555515,85555551155 115315, 187

(5555555115, 8151555 15, 055515515, 251

0515555515, 1115551155 15, summus 05111555 0151-
tntis 01

05555, 15555555 15, 121

0555551551, 5555115155, 08, 100
(insin, Petrus, 100, 102, 108, 171, 225

D.

0511511555, 248

05111535, 155 15, 242

0551511515 Rapio, 18

0551, 221

05555, 055555, 55515155,01,18, 100

055555, 1155555515, 12ος Albinus 15, 120

055111515555555, 115

0555515, 055551, 1153555515, 2, 222

05555555, (isin-idus 15, 2871 1153515, 155-
115155155853115, 45,47, 55, 58, 81, 00, 78, 75 3
8155 1153515, 251, 258

0551555, 5551555, 0

055555555555, 0555515, 5551115155, 08,100

05555, willielmus 15, 115555555, 101

Donsstspls, 155 15, 248

0555555515, 221. Vide 05515515

Domina, Domhsssstn‚ 211, 212, 218, 214

0555515, Domus, 5555115155, 08, 100

0555515, 0555555515, 05555, 05555, 4,10, 21,
88, 41, 44, 45, 51, 68, 00,110, 111, 125, 100,
201, 202, 240

—— 05551555155155 555151 15, 150

055, nuk, 11535555 15, 1, 2, 222 3 2515505555,
8, 222 ; 11535555, 5, 176, 228, 244

05153155, 05151155 15,121

051551, nicholaus, 11155515, 1, 2, 222

numos, 215

0555555555 Episcopi 5 05115155 51 11555115·
155, 215

05511111151555515, 7155555555, 101

05551515, 05551555, 115, 221

0555155555 Episcopi 55 ,415551 sd 1155551555
15 8115555505, 220, 221, 111555155 15115.

 

