270

1666661666 lorum, 7, 117

---- 1166161666, 20, 116, 119, 161

--- 6661161616, 20, 211 Ι

--- Ripa Regino, 12, 20

--- 26166166, 103

-- 06166161616 61661, 50

--·- 11661 Pontis, 20

---- 11116 Eudo, 7

——-- 116116666661, ’1166161666 216666-
11661, 157

londoniam 16166661 6 16611116 66 solanum
66 01161611, 218 ; willelmus 66 Sancte
116116 66616616, ὥ. 201 3 1166166ὴί61 66 1166-
1661163626 1 ungoru„ 6161661136, 6, 83
Fullo 116661, 10, 12, 218 3 116611666 66
1166611161, 13, 50, 218ς 1116616116 761161,
0666666 866611 Pauli, 6166166, 50, 116611666
616161 66 86666166, 69, 81, 156, 157, 160,
218116166666 66 01111611, 19666666 866611
Pauli 61 6166611166 1616116666116, 163, 161

1666161, 11666666 66, 1111616 66 0166616666,
2161 1161161166 1166661,61. ,· (11161616 66 86-
61616, 212, 216 3 1116616 66 16666611, fl.

16616 Sim, 66116666, 11616 66 1166, 215, 216

1616666, Rogatus, 121

lovel, Philippus, ’1166661666 Regis, 81

161666, nex nemorum, 215

Lugdunum, 18, 172

16161, J on, 93

1663616, Rogemde, 1661661, 121

1166666116, Μ66666116,11111161616166, 1971061-
111666 66, 116161661166 exercitus 16166616,
197, 201

11666611666616, 11666666661166661166666163663-
6661166616, Moguntio, 2661166166, 1791811
..... 27, 28

mnu.

11616161, willielmus, 120

1161661666, 6611611616, 197

—-—···- wlnolmu 66, 191

116616666161, 1116161666, 186

1166666616, 1161666 66, 16616161, 215

1166116666 61166 1666616111 1161161161, 132

liugn, 113

11616116, Comen 66 16, nugo, 9, 12, fllia 166,
66161 Regia, 12. 0661666616, 133

11616, 1166116666616, 13

11616161, 16 066616, 213

limum Angla, 1101161661, 666161, 166161
11661161 111. 61 regni 161, 202, 203 3 Willlol.
1666 junior, 205

116166661166, Rogant, 91, 221

1111616161, willam 16, 252

11611666, willielmus 66, 9

11611666661111161666, 95

116661661, will-me 16, 218

116616, sire Simond 66, 6666661 11616116 66
1666161, 215

11666661, lohannes, J 6611616661, 30, 31, 32, 33,
31, 35, 36, 37, 38, 13, 16, 17, 67, 69

1166111166, Pisonum monachus, 179

1166, willielmus, 6161661, 120

Mediolanum, 17

Mediterraneum 61616, 126

1161661666, 1161111166 66, 160, 162, 171, 225

11666666 (16666166) 666166 66, 133

Μ61661, 16616161, serlo, 6611616,3,1, 175, 176,
222 3 111661· 16, 218

Μ616161661 Rex, 1661161661, 179, 191

1161661616, Dama, lleyne 6Ἐ661116116,216, 219

merleberga, 3

11611666, 203

-611616166,0666116166,165,152, 61,
161, 160, 166. 169

116666666611666161 66,]61111161161, 100

Μ166616616, comitatus, 98,100

 

