271

munim, Philosophus, 179, ci eq. ,

Segnia, N 1111111111 01, 179

Boin 10111, 9110111111 01, 9111111111, 101

¹ Soint 1111, 1111111111

8111111, 216 .

Saluiam Epiuoopi 111 111111 wifrido 10 stigm-
0111, 216

81111111, Tomis 01, 218

81111 11011110, 8111810, 11111 01, 1111117111,
8451 811111 01, 218

8111111; vide 0111111

Siculorum 1111,171111111111, 1981 sonum uxor
11111, si.

silvester 11. Papa, 11111 (1111111111, 180

Summi, willielmus, 121

811111111, 1111111111 01 1111110111, 12

, 81101111, 8110111111,181,156

811101111, 11111110 01, 250

Spei-ling, 1110111111, 11 ’

8111111, Β111111111111111, 152

staffordia, 81111110,11111111111,88, 100

811111, 78, 202

·-— 111ςί1111 111111ου1 01, institimus, 1⁰⁰5
234

811111110, sanford, 21, 202 ; 1110111, 48

8111111111, 81111111, 74, 110

stephanus, 1111 Anglie, 197111111101, 1113111
11111111, 154111111011511111111811111711, 198

storteford, 111 01, 248, willam 01, ii

ai 8111, 1111111111, 121

stowe, 811111 11111111, 213

stratfordia, 170

sunda, 1ο111111101,1111111111111, 100

suavorum 1111, Carolus, 179

8111111111, 1111111111, 98100

81111111, 1111311111 01, 98

’ 8111111111, 1111111111, 98,100

8111111, 811111, Sui-eye, 811111, 1111111111, 39,
40, 82, 92, 98, 100

ΙΝΒΕΧ.

811111, 8111111, 1111111111, 98, 100

11111111, sanaim, 0111111 do. 1ο, 111,
8131111011 01, 115, 165 ¹

81111111, 8111111111, 81111111, 1111111111, 81, 90,
88, 100 “

8111111111, sumi, 8, 39, 90, 92, 81 ,

11111111 811111 11111111, 8, 14
--—--· 11111111 811111 8111111111, 89, 40

’1.

Τ1111111,’11111111111,81111111, 7, 20, 21, 40, 51,
52, 98, 107, 115, 116, 161, 191, 251 ; Neve
Were 11, 52

Τ111111, 1111111,202

Tarm-onim Rex, ’111111 Albiga, 118

Τ111111111, 1111101101, 18

Τ111111, (1111111, Ρ1111111111, Philippus, 148, 151,
165,175, 224, 225

impiari, 216

’111111 Laboris, 158

Terra 811111, 2, 9, 18, 57, 128, 124, 125, 188,
156, 157, 172,198

1111111111111111111, 1111181181, 115,
165, 199, 239, et uq.

1111111011, 216

Thaioi-denses Episcopi 111 ,4311111111 10 Huber-
11111, 210

811111, Tomy, 111111, 11111111, 8, 10,11, 12, 18,
11, 82, 79, 176, 177, 228

8111101111, 1111011111, 28, 27

Tipetout, 1111 Pnyn, 251, 258

Troianus, Imperator. 182

Trapez, 126, 181

1111111, somna. 1, 5, 228

Τ111111111111, 111111111111111, 27, 28

1111111, 1111111111,7111111,111111111 01, 1, 18,
18, 83, 80, 48, 177, 2281 1101111111111

¹ 7111111311111111111, 128

 

