mnu.

8818, 118811 18, 248

8811818, 8188882110

8818818, 08811188, 8188181188, 187 3 11881888,
197 3 11881811, 81818188, 80.

8888188188, 81881881, 79, 82

8888818, 8818388, 87, 281

Romaim. 88888 81 pamm, 17

Endon, 88181, 248
88881, 187

nom, 1. 1. 8811888, 204

Rem An, 81888888888888118, 8

Bm, 88188 88, 249

8811118118, 8118 188, 8881188, 244, 282

8818881, ,18888 18, dap, 240

881, 188188, 248 3 1188118, 247, 11881888, 248 3
118811, 248

81881188, Dux 88, 142 3 88818881, 8118 881118,
18 11818 (18, 281

818818, willielmus, 10

81811818, 1181188188, 98

1118188, 18 08881 88, 201

umnam 81888 188

8181, 8181888 18, 120

818188, 818188, 18888888 18,.188111181188,1181-
8818 8811888188, 88, 100, 247

8118818, 0811888, 88181181, 121

8818818, 1188188 (18, 284

8111888111,181, 182, 288

888881808888808 3 81818388,18088818 88249

—- 18188888 8888 0881118, 48 3 8881111,
uxor eim, 11.

Β11118888,217

8118181118, 81188818, 21, 208 3 88818818, 21, 197

81181818,1111181888, 202

Broc, 818181188188118888181111181188, 99,147

81888, 118818, 8 ; 818888, 1188888, 222

8188118, 88881188 88, 242

Brun, 1118118181, 2 3 150, 18811818, 222

Ι8188881138, 1181 88, 288

11188183, 81888183, 88881, 42, 224

8188, 8818118188, snm-lun, 100

-118881888,8818’888888,240,200,202,208

8888818, 888818, somnes 88, 142, 220

88318, 881 88, 182

8818181, 8818181, whom, 4, 228 3 8881888, 0,
8, 7, 178, 228 3 8181118881, 1181888881, 0, 8,

81, 79, 121, 228 3 118111888, 22, 29, 88, 88,
48, 228, 224 3 1888118, 158

8811838188, 8811831188, 888. 88,101

888381, 8883838, 8831881818 88, 7, 8, 24, 170 3
11838πά82288 8881118,81188181,24

8818838118, 88188888112,187,188

burgo, 1181181188 88, suatim 181188 883118,
0, 0 3 18188888 88, 888181, combam
Tun-113 188

nurgum 11

881388818, Dux, 88

8811181,11“8118188,10

881881, 1181181188, 108

88818, 8888, 18811888 18, 8, 228

1181818118, 18 1181818118,118,117,281

8181818, 1188888 (1811888818 88838888, 109,
111, 118 3 8118 ejus, 109 ¹

0.

08118188 11. 8888, 180

0811818, 1181181888, 249

0888181188, 18 0888881838, 1181811888, wil.
1888, 2, 222 3 1188188188, (18118188, 7, 228

0888888888, Le 88181888888818188888811, 4,
228

08888818, 07

0881888, 1118818 88, 249

0881881133, 98, 100

08818811388118, 0881881138, 0881888338, 88811-
tatus, 90,101 bis.

088118, 088818, 8818118118, 82, 180

 

