244 11111111.

11111, 111111111111 111 11 1111111 111111. Et 111 1111 1111 11111 do 111 1111111
11111131 11 11 (1111111111, 11 11 mnis l'Evuque 1 vongo 11 111 pur quei il 11111111
1111111111, Ε11111111111111 111111111 1111111111 od 11111 (111111 1111 11111
1111111111111111111111111111,1111π11111111111111111111111116111,111
1111 11111, 1111111 il 1111 1 111111 11111111 11 11111 ptr 111 11111111 11111111, 11
1111111111ᾱώ111111111 1111111111 1011111111 8111111111111111111
1111111111 1111 11111. 11111 11111111 11111, 11 111 1111111111111
Rei 118111111111111111 1 111 pastun (111 11111111111111 1111111 11 11111111
xxviij· (1113111111111111 11 11111111 1111. ’11] 111 homme· 1111 111111 del 11
11111111111111 11111 11111 Pol de lm· 111111111, (111 11113 1103 1111111111
l'egliw (1111111 Ρ11 de 11111111, 111111 111111 eol jour, que 111 1111111 111 111, 11111 11
quita 111111 de 11111 11111111 11 8111111111 ou 1111111111 111 111 kil moberunt 1
1111111111 11111111 11 11111 1111 11 pest, 1111 de 111 111 111 1111111111 1 vendre 11
11111111 Ι 1111111111 11111111 11 11111111 111111, 11 kil 11111 1111111111 111 1111 111
1111111111 qui 11111111111111111111 del 11 81111 Ρ11 111111111111 111 111111 varoque
11 du 11111111111111111111111111 seint 1³01 1111111 111111 11111111 *⁸¹¹3 11111111.
Si ini 1111111111 1111111111 11 del 11 seint Pol 1111111111 11 1111 (11111 1 1111111
put 111111 1111111111111 nul moymo 1111111111 de 1111, (11Ιί 1³⁸¹ ⁸⁸
franchise 1111111111 quite, (1111111111 1111111111111111 11111111 (11111 1111111116.
Ami 1111111111 11 111 sumn 1111 11 0111111 nnumin, 11 111 11111111 11111111-
(1111111111, qui 111 1111111111 11 dut 11111 quite, 11111111 11111 11 mehandim 11
11111111 11111,ιὶ oum il 11 11111111, 111 11111111 1111111111. 111111111111 11
nuilus do 1111111 nul 1111111 11111111 11 nul 1111111111 81111 Pol pur 11111111
demandet 11 11111111 11 deit 111111, mu pungentia· en lom 1111111111] 11111-
bli3, 111 1111 11111, 11 8111111111 11 1111111 houden 11111111 11 honde lm· 11. Ε1
11111111111111111111111111111111101111111111 1111111111111111111111111111
1111111111111111 111111111111113111 Boi 11 111 (1111111 (1111111111, 111111 111111
11111 1111111 11 0111111111 1111111111111111 11111111111111111101111111
111111111 111 1111111113 11111111. 1111111111 11111111 1111111 1111111111 11111111 1113
joun 1 nient 11111, 111 (1111111113 11111111 11 11 01111111 111 11111 11 1111111111 de
Lundmlunol 1111111111111111 11 11118111 Roget 11 [1111111111111111111111111
(11 8111 11111111 111111 11 1111 1111111 111111 11 11 mere (11 11111111 11 quum
1111111111 ont pondu3. Des 11111 11111111 partin 1111111 (111 1111111 1111111111
111111 11111 11111111 Roga: 11 melma 1111111111 1 mumque 11 11 0111111111 1
111 dous 1111111 111111 1111 11111 11 Eamque 1111 01111111 1111111111οά 111 einim
1111111111. 011 111111 11111 dogm 11060. xxviii. 11 111111111111.

L'u 11. quint.

1111111111111 11 Peren (11 311111111111111111 1111111, 111111 viii 11111111 de-
11111 Ι1 81111 1111111111 111111 de (1111111331, 1111111,311(1111,1116 11111111-
dit 11111 11 11 11111111 11111 1 11 81111 nichel procheyn 111111111111111111
comune 111 11 111111111οά1 11111111111111111111111.

 

